journal_name,journal_raw,publisher,issn,quality_rank,abdc_edition,impact_factor,impact_factor_5yr,jcr_year,sjr,sjr_quartile,h_index,cites_per_doc_2y,scimago_year
Accounting and Business Research,Accounting and Business Research,Routledge,0001-4788; 2159-4260,A,2025,2.5,3.0,2025.0,1.065,Q1,77.0,3.62,2025
Finance Research Letters,Finance Research Letters,Elsevier,1544-6123; 1544-6131,A,2025,7.1,7.2,2025.0,1.672,Q1,143.0,8.17,2025
International Journal of Auditing,International Journal of Auditing,Royal College of Psychiatrists,1090-6738; 1099-1123,A,2025,2.7,3.1,2025.0,0.681,Q1,42.0,3.19,2025
Economics Letters,Economics Letters,Elsevier,0165-1765; 1873-7374,A,2025,2.0,2.0,2025.0,0.718,Q2,142.0,2.2,2025
The European Accounting Review,European Accounting Review,Routledge,0963-8180; 1468-4497,A*,2025,2.2,4.8,2025.0,2.272,Q1,98.0,6.0,2025
International Review of Financial Analysis,International Review of Financial Analysis,Elsevier,1057-5219; 1873-8079,A,2025,10.2,10.3,2025.0,2.373,Q1,129.0,11.33,2025
Management Accounting Research,Management Accounting Research,Academic Press,1044-5005; 1096-1224,A*,2025,4.5,5.6,2025.0,1.625,Q1,109.0,5.19,2025
British Accounting Review,British Accounting Review,Academic Press,0890-8389; 1095-8347,A*,2025,8.0,8.5,2025.0,1.705,Q1,100.0,8.33,2025
Journal of Banking & Finance,Journal of Banking & Finance,Elsevier,1872-6372; 0378-4266,A*,2025,4.0,4.7,2025.0,1.954,Q1,225.0,5.11,2025
Journal of Financial Research,Journal of Financial Research,Wiley-Blackwell,0270-2592; 1475-6803,A,2025,,,,0.436,Q2,58.0,1.85,2025
Accounting and Finance,Accounting and Finance,John Wiley \& Sons,0810-5391; 1467-629X,A,2025,2.6,3.6,2025.0,0.814,Q1,77.0,3.53,2025
Emerging Markets Review,Emerging Markets Review,Elsevier,1566-0141; 1873-6173,A,2025,4.4,5.3,2025.0,1.115,Q1,83.0,5.16,2025
Meditari Accountancy Research,Meditari Accountancy Research,Emerald Publishing,2049-372X; 1022-2529; 2049-3738,A,2025,3.8,5.4,2025.0,0.974,Q1,59.0,5.94,2025
Sustainability (Switzerland),Sustainability (Switzerland),Multidisciplinary Digital Publishing Institute,2071-1050,,,4.1,4.2,2025.0,0.75,Q1,242.0,5.28,2025
Journal of Cleaner Production,Journal of Cleaner Production,Elsevier,0959-6526; 1879-1786,C,2025,10.7,11.0,2025.0,2.019,Q1,397.0,11.78,2025
Journal of Computer Information Systems,Journal of Computer Information Systems,International Association for Computer Information Systems,0887-4417; 2380-2057,A,2025,6.6,4.7,2025.0,0.978,Q1,89.0,6.71,2025
Australasian Accounting Business and Finance Journal,"Australasian Accounting, Business and Finance Journal",University of Wollongong,1834-2000; 1834-2019,B,2025,1.0,1.8,2025.0,0.386,Q2,32.0,1.54,2025
International Review of Economics & Finance,International Review of Economics and Finance,Elsevier,1059-0560; 1873-8036,A,2025,7.6,6.8,2025.0,1.485,Q1,101.0,8.27,2025
Social Responsibility Journal,Social Responsibility Journal,Emerald Group Publishing Limited,1747-1117; 1758-857X,B,2025,5.2,5.3,2025.0,0.973,Q1,71.0,7.24,2025
China's Rise and Internationalization,China's Rise and Internationalization,World Scientific Publishing,,,,,,,,,,,
Risks,Risks,Multidisciplinary Digital Publishing Institute,2227-9091,,,1.8,1.8,2025.0,0.374,Q2,45.0,2.79,2025
Business Strategy and the Environment,Business Strategy and the Environment,Royal College of Psychiatrists,0964-4733; 1099-0836,A,2025,13.2,17.5,2025.0,3.678,Q1,199.0,19.04,2025
Company and Securities Law Journal,Company and Securities Law Journal,Lawbook Co.,0729-2775,A,2025,0.1,0.3,2025.0,,,,,
Global Finance Journal,Global Finance Journal,Elsevier,1044-0283; 1873-5665,A,2025,5.2,5.2,2025.0,1.254,Q1,59.0,6.49,2025
International Review of Finance,International Review of Finance,Royal College of Psychiatrists,1369-412X; 1468-2443,A,2025,2.3,2.2,2025.0,0.636,Q2,35.0,2.96,2025
Journal of Corporate Citizenship,Journal of Corporate Citizenship,,1470-5001,,,,,,,,,,
Journal of Accounting Literature,Journal of Accounting Literature,Emerald Publishing,0737-4607; 2452-1469,A,2025,4.8,4.8,2025.0,0.912,Q2,31.0,3.8,2025
Journal of Corporate Finance,Journal of Corporate Finance,Elsevier,0929-1199; 1872-6313,A*,2025,6.9,10.5,2025.0,2.706,Q1,166.0,7.97,2025
Australian Journal of Management,Australian Journal of Management,SAGE Publications Ltd,0312-8962; 1327-2020,A,2025,3.1,5.0,2025.0,0.778,Q1,57.0,3.96,2025
The Conversation,The Conversation,,2201-5639,,,,,,,,,,
Pacific-Basin Finance Journal,Pacific Basin Finance Journal,Elsevier,0927-538X; 1879-0585,A,2025,5.4,5.6,2025.0,1.322,Q1,92.0,6.12,2025
Financial Accountability and Management,Financial Accountability and Management,John Wiley \& Sons,0267-4424,A,2025,2.3,3.7,2025.0,1.136,Q1,58.0,4.33,2025
Australian Journal of Public Administration,Australian Journal of Public Administration,Wiley-Blackwell,1467-8500; 0313-6647,A,2025,2.5,2.8,2025.0,0.674,Q1,60.0,3.01,2025
Labour History: a journal of labour and social history,Labour History,Liverpool University Press,0023-6942,A,2025,0.1,0.5,2025.0,0.117,Q3,18.0,0.16,2025
Australian Accounting Review,Australian Accounting Review,Wiley-Blackwell,1835-2561; 1035-6908,B,2025,2.8,3.1,2025.0,0.702,Q2,54.0,3.1,2025
Australian Journal of Social Issues,Australian Journal of Social Issues,Wiley-Blackwell,1839-4655; 0157-6321,,,1.8,2.4,2025.0,0.617,Q2,45.0,2.49,2025
Third Sector Review,Third Sector Review,Australian and New Zealand Third Sector Research Inc.,1323-9163,C,2025,,,,,,,,
Journal of Economic Surveys,Journal of Economic Surveys,Wiley-Blackwell,1467-6419; 0950-0804,A,2025,6.6,8.2,2025.0,2.483,Q1,131.0,10.65,2025
Australian Feminist Studies,Australian Feminist Studies,Routledge,0816-4649; 1465-3303,,,1.2,1.7,2025.0,0.25,Q3,39.0,0.7,2025
Australian Historical Studies,Australian Historical Studies,Taylor \& Francis,1940-5049; 0018-2559; 1031-461X,,,0.4,0.6,2025.0,0.242,Q1,25.0,0.35,2025
Public Administration Review,Public Administration Review,Wiley-Blackwell,0033-3352; 1540-6210,A,2025,5.9,8.3,2025.0,3.305,Q1,196.0,7.17,2025
Sustainability,Sustainability,Multidisciplinary Digital Publishing Institute,2071-1050,,,4.1,4.2,2025.0,0.75,Q1,242.0,5.28,2025
The Realpolitik of Evaluation,The Realpolitik of Evaluation,Taylor & Francis,,,,,,,,,,,
Policy Design and Practice,Policy Design and Practice,Taylor \& Francis,2574-1292,,,4.3,4.9,2025.0,0.867,Q1,33.0,4.67,2025
Accounting History,Accounting History,SAGE Publications Ltd,1032-3732; 1749-3374,A,2025,1.2,1.3,2025.0,0.404,Q1,36.0,1.0,2025
"Public Sector Accounting, Accountability and Governance","Public Sector Accounting, Accountability and Governance",Taylor & Francis,,,,,,,,,,,
Doing Public Good?,Doing Public Good?,Routledge,,,,,,,,,,,
Policy Studies,Policy Studies,Routledge,0144-2872; 1470-1006,B,2025,3.1,2.8,2025.0,0.898,Q1,55.0,4.88,2025
Evaluation Journal of Australasia,Evaluation Journal of Australasia,SAGE Publications Ltd,1035-719X,,,,,,0.592,Q2,16.0,0.73,2025
Public Money & Management,Public Money and Management,Routledge,0954-0962; 1467-9302,A,2025,2.6,2.6,2025.0,0.642,Q1,65.0,2.47,2025
Taxation in Australia,Taxation in Australia,,0494-8343,C,2025,,,,,,,,
International Journal of Employment Studies,International Journal of Employment Studies,,1039-6993,C,2025,,,,,,,,
Public Accountant,Public Accountant,Nuance Multimedia Australia Pty Ltd.,,,,,,,,,,,
History of Economics Review,History of Economics Review,Taylor \& Francis,1037-0196; 1838-6318,B,2025,0.4,,2025.0,0.128,Q4,13.0,0.41,2025
Public Sector Accountant,Public Sector Accountant,,,,,,,,,,,,
National Accountant,National Accountant,,1039-608X,,,,,,,,,,
French Review,French Review,American Association of Teachers of French,0016-111X; 2329-7131,,,0.1,0.1,2025.0,0.115,Q3,13.0,0.07,2025
Journal of Commodity Markets,Journal of Commodity Markets,Elsevier,2405-8513; 2405-8505,A,2025,5.2,4.6,2025.0,1.043,Q1,36.0,5.56,2025
The European Journal of Finance,European Journal of Finance,Routledge,1351-847X; 1466-4364,A,2025,3.8,4.0,2025.0,0.998,Q1,61.0,4.85,2025
Journal of Economic Behavior and Organization,Journal of Economic Behavior and Organization,Elsevier,0167-2681; 1879-1751,A*,2025,2.7,3.0,2025.0,1.266,Q1,153.0,3.06,2025
Journal of Empirical Finance,Journal of Empirical Finance,Elsevier,0927-5398; 1879-1727,A,2025,2.5,2.6,2025.0,1.139,Q1,101.0,3.05,2025
Digital Finance,Digital Finance,Springer International Publishing,2524-6984; 2524-6186,,,,,,0.58,Q2,15.0,2.61,2025
Journal of risk and financial management,Journal of risk and financial management,MDPI AG,1911-8074; 1911-8066,,,,,,0.506,Q2,69.0,3.55,2025
Journal of Environmental Management,Journal of Environmental Management,Academic Press,0301-4797; 1095-8630,,,9.2,9.2,2025.0,1.923,Q1,296.0,10.3,2025
Energy Economics,Energy Economics,Elsevier,0140-9883; 1873-6181,A*,2025,13.5,13.7,2025.0,3.448,Q1,252.0,14.6,2025
The Journal of Portfolio Management,Journal of Portfolio Management,Portfolio Management Research,0095-4918; 2168-8656,A,2025,1.0,1.3,2025.0,0.449,Q2,67.0,1.05,2025
Journal of Sustainable Finance & Investment,Journal of Sustainable Finance and Investment,Taylor \& Francis,2043-0795; 2043-0809,B,2025,5.9,6.2,2025.0,1.312,Q1,52.0,9.4,2025
Journal of Behavioral and Experimental Finance,Journal of Behavioral and Experimental Finance,Elsevier,2214-6350; 2214-6369,A,2025,3.9,4.5,2025.0,0.965,Q1,54.0,4.68,2025
The Journal of Futures Markets,Journal of Futures Markets,Department of the Senate,0270-7314; 1096-9934,A,2025,2.8,2.5,2025.0,0.599,Q2,69.0,2.93,2025
"Journal of International Financial Markets, Institutions and Money","Journal of International Financial Markets, Institutions and Money",Elsevier,1042-4431; 1873-0612,A,2025,6.0,5.7,2025.0,1.389,Q1,94.0,7.71,2025
Empirical Economics,Empirical Economics,Physica-Verlag,0377-7332; 1435-8921,A,2025,1.9,3.1,2025.0,0.617,Q1,78.0,2.28,2025
Macroeconomic Dynamics,Macroeconomic Dynamics,Cambridge University Press,1365-1005; 1469-8056,A,2025,1.0,1.1,2025.0,0.444,Q3,55.0,1.13,2025
Journal of Financial Econometrics,Journal of Financial Econometrics,Oxford University Press,1479-8409; 1479-8417,A*,2025,1.8,3.1,2025.0,1.782,Q1,58.0,2.39,2025
Studies in Nonlinear Dynamics & Econometrics,Studies in Nonlinear Dynamics and Econometrics,Walter de Gruyter GmbH,1081-1826; 1558-3708,A,2025,1.2,0.9,2025.0,0.411,Q2,38.0,1.14,2025
Resources Policy,Resources Policy,Elsevier,0301-4207; 1873-7641,B,2025,,,,2.05,Q1,154.0,9.31,2025
The Journal of Fixed Income,Journal of Fixed Income,Portfolio Management Research,1059-8596; 2168-8648,A,2025,,,,0.611,Q2,18.0,0.23,2025
Finance and Economy for Society: Integrating Sustainability,Finance and Economy for Society: Integrating Sustainability,Emerald Group Publishing Limited,,,,,,,,,,,
Review of Financial Economics,Review of Financial Economics,John Wiley \& Sons,1058-3300; 1873-5924,B,2025,1.9,1.8,2025.0,0.326,Q3,49.0,1.8,2025
Journal of Economic Dynamics and Control,Journal of Economic Dynamics and Control,Elsevier,0165-1889; 1879-1743,A*,2025,1.8,2.2,2025.0,1.324,Q1,110.0,2.1,2025
Research in International Business and Finance,Research in International Business and Finance,Elsevier,0275-5319; 1878-3384,A,2025,7.6,7.0,2025.0,1.509,Q1,99.0,9.31,2025
The Journal of Alternative Investments,Journal of Alternative Investments,"Institutional Investor, Inc",1520-3255; 2168-8435,B,2025,0.7,0.5,2025.0,0.243,Q3,28.0,0.65,2025
Applied Finance Letters,Applied Finance Letters,,2253-5799,B,2025,,,,,,,,
Financial Contagion,Financial Contagion,John Wiley & Sons,,,,,,,,,,,
International Journal of Sport Finance,International Journal of Sport Finance,SAGE Publications Ltd,1558-6235,C,2025,0.6,0.6,2025.0,0.418,Q2,35.0,1.19,2025
Financial Review (US),The Financial Review (Statesboro),Wiley-Blackwell,0732-8516; 1540-6288,A,2025,2.1,2.2,2025.0,0.56,Q2,57.0,2.2,2025
"International Journal of Banking, Accounting and Finance","International Journal of Banking, Accounting and Finance",Inderscience Enterprises,1755-3830; 1755-3849,C,2025,,,,0.175,Q4,14.0,0.79,2025
Journal of Financial Stability,Journal of Financial Stability,Elsevier,1572-3089; 1878-0962,A*,2025,4.1,6.1,2025.0,1.589,Q1,90.0,5.1,2025
Scottish Journal of Political Economy,Scottish Journal of Political Economy,Wiley-Blackwell,0036-9292; 1467-9485,A,2025,1.2,1.1,2025.0,0.396,Q2,57.0,1.36,2025
Journal of Gambling Studies,Journal of Gambling Studies,Springer International Publishing AG,1050-5350; 1573-3602,A,2025,2.4,2.7,2025.0,0.838,Q1,97.0,3.17,2025
European Management Review,European Management Review,Wiley-Blackwell,1740-4754; 1740-4762,B,2025,3.1,3.9,2025.0,1.202,Q1,54.0,5.17,2025
Journal of Behavioral Finance,Journal of Behavioral Finance,Taylor \& Francis,1520-8834; 1532-7760; 1542-7560; 1542-7579,A,2025,1.7,2.2,2025.0,0.482,Q2,37.0,2.55,2025
International Business Review,International Business Review,Elsevier,0969-5931; 1873-6149,A,2025,7.4,8.7,2025.0,2.144,Q1,142.0,9.12,2025
International Journal of Finance & Economics,International Journal of Finance and Economics,Royal College of Psychiatrists,1076-9307; 1099-1158,B,2025,3.7,3.4,2025.0,0.807,Q2,64.0,5.2,2025
Social Indicators Research,Social Indicators Research,Springer,0303-8300; 1573-0921,A,2025,3.2,3.9,2025.0,0.918,Q1,157.0,3.86,2025
Quarterly Review of Economics and Finance,Quarterly Review of Economics and Finance,Elsevier,1062-9769; 1878-4259,B,2025,3.4,3.2,2025.0,0.705,Q2,77.0,4.21,2025
Feminist Economics,Feminist Economics,Routledge,1354-5701; 1466-4372,A,2025,2.0,4.2,2025.0,0.954,Q1,80.0,2.99,2025
Energy Policy,Energy Policy,Elsevier,0301-4215; 1873-6777,A,2025,9.3,9.4,2025.0,2.516,Q1,311.0,10.11,2025
Journal of Intellectual Capital,Journal of Intellectual Capital,Emerald Publishing,1469-1930; 1758-7468,B,2025,6.8,7.2,2025.0,1.382,Q1,124.0,9.78,2025
Australian Economic Papers,Australian Economic Papers,Wiley-Blackwell,0004-900X; 1467-8454,B,2025,1.3,1.3,2025.0,0.368,Q2,26.0,1.48,2025
Energy Reports,Energy Reports,Elsevier,2352-4847,,,6.6,5.6,2025.0,1.197,Q1,132.0,7.56,2025
Environmental Science and Pollution Research,Environmental Science and Pollution Research,Springer,0944-1344; 1614-7499,,,,,,0.909,Q1,234.0,5.03,2025
Asian-Pacific Economic Literature,Asian-Pacific Economic Literature,Wiley-Blackwell,0818-9935; 1467-8411; 1467-8441,C,2025,1.1,1.1,2025.0,0.251,Q3,27.0,1.52,2025
Heliyon,Heliyon,Elsevier,2405-8440,,,,,,0.739,Q1,145.0,4.95,2025
Journal of Asian Economics,Journal of Asian Economics,Elsevier,1049-0078; 1873-7927,B,2025,3.6,3.7,2025.0,0.77,Q2,67.0,3.9,2025
International Economics,International Economics,Elsevier,2110-7017; 2542-6869,,,2.8,,2025.0,0.761,Q1,44.0,3.28,2025
"Energy, Sustainability and Society","Energy, Sustainability and Society",BioMed Central,2192-0567,,,5.7,6.4,2025.0,1.301,Q1,55.0,6.3,2025
PLoS One,PLoS One,Public Library of Science (PLoS),1932-6203,,,2.8,3.3,2025.0,0.726,Q1,500.0,2.95,2025
The North American Journal of Economics and Finance,The North American Journal of Economics and Finance,Elsevier,1062-9408; 1879-0860,B,2025,3.8,3.6,2025.0,0.812,Q2,73.0,4.69,2025
Journal of the Asia Pacific Economy,Journal of the Asia Pacific Economy,Routledge,1354-7860; 1469-9648,B,2025,1.5,1.9,2025.0,0.478,Q2,45.0,2.67,2025
Journal of Consumer Affairs,Journal of Consumer Affairs,Wiley-Blackwell,0022-0078; 1745-6606,A,2025,3.4,3.5,2025.0,1.043,Q1,83.0,4.28,2025
Journal of Business Ethics,Journal of Business Ethics,Springer,0167-4544; 1573-0697,A,2025,6.3,9.7,2025.0,3.138,Q1,304.0,10.35,2025
The Accounting Review,Accounting Review,American Accounting Association,1558-7967; 0001-4826,A*,2025,4.0,7.2,2025.0,4.403,Q1,217.0,3.71,2025
Journal of International Money and Finance,Journal of International Money and Finance,Elsevier,0261-5606; 1873-0639,A,2025,3.6,3.9,2025.0,1.364,Q1,126.0,4.2,2025
Science,Science,American Association for the Advancement of Science,0036-8075; 0193-4511; 1095-9203,,,47.3,51.6,2025.0,10.948,Q1,1433.0,16.75,2025
Business History,Business History,Taylor \& Francis,0007-6791; 1743-7938,A*,2025,1.5,1.4,2025.0,0.519,Q1,48.0,1.89,2025
Financial History Review,Financial History Review,Cambridge University Press,0968-5650; 1474-0052,B,2025,1.2,1.1,2025.0,0.374,Q1,24.0,0.83,2025
Business History Review,Business History Review,Cambridge University Press,0007-6805; 2044-768X,A,2025,1.0,1.5,2025.0,0.306,Q1,44.0,1.12,2025
Nature,Nature,Nature Research,0028-0836; 1476-4687,,,56.1,56.7,2025.0,19.713,Q1,1495.0,18.62,2025
The Economic History Review: a journal of economic and social history,ECONOMIC HISTORY REVIEW,Wiley-Blackwell,0013-0117; 1468-0289,A*,2025,1.6,2.2,2025.0,1.004,Q1,69.0,1.46,2025
History Australia,History Australia,Taylor \& Francis,1449-0854; 1833-4881,,,0.6,,2025.0,0.191,Q2,18.0,0.29,2025
International Journal of Human-Computer Interaction,International Journal of Human-Computer Interaction,Taylor \& Francis,1044-7318; 1532-7590,C,2025,6.1,7.0,2025.0,1.383,Q1,110.0,9.98,2025
European Review of Economic History,European Review of Economic History,Oxford University Press,1361-4916; 1474-0044,A,2025,1.2,1.5,2025.0,0.58,Q1,47.0,1.16,2025
Corporate Social Responsibility and Environmental Management,Corporate Social Responsibility and Environmental Management,Royal College of Psychiatrists,1535-3958; 1535-3966,C,2025,10.1,11.6,2025.0,2.147,Q1,146.0,13.18,2025
Emerging Markets Finance and Trade,Emerging Markets Finance and Trade,M E Sharpe Inc,1540-496X; 1061-2009; 1558-0938,B,2025,3.3,3.1,2025.0,0.747,Q1,72.0,3.94,2025
Asia‐Pacific Economic History Review,Asia-Pacific Economic History Review,John Wiley \& Sons,2832-157X; 0004-8992; 1467-8446,B,2025,0.5,0.5,2025.0,0.259,Q1,22.0,0.48,2025
Sage Open,Sage Open,SAGE Publications Ltd,2158-2440,,,2.4,2.8,2025.0,0.541,Q1,90.0,3.12,2025
Journal of Financial Literacy and Wellbeing,Journal of Financial Literacy and Wellbeing,Cambridge University Press,2753-3212,,,,,,,,,,
Kybernetes,Kybernetes,Emerald Publishing,0368-492X; 1758-7883,,,3.2,3.0,2025.0,0.654,Q1,65.0,4.87,2025
Financial Analysts Journal,Financial Analysts Journal,Taylor \& Francis,0015-198X; 1938-3312,A,2025,2.2,4.2,2025.0,1.425,Q1,99.0,2.64,2025
The Oxford Handbook of IPOs,The Oxford Handbook of IPOs,"Oxford University Press, USA",,,,,,,,,,,
Economic Modelling,Economic Modelling,Elsevier,0264-9993; 1873-6122,A,2025,5.5,5.2,2025.0,1.348,Q1,133.0,6.5,2025
International Journal of Managerial Finance,International Journal of Managerial Finance,Emerald Publishing,1743-9132; 1758-6569,A,2025,2.7,2.7,2025.0,0.635,Q2,47.0,3.19,2025
Applied Economics Letters,Applied Economics Letters,Routledge,1350-4851; 1466-4291,B,2025,1.4,1.4,2025.0,0.387,Q3,72.0,1.78,2025
Economics & Politics,Economics and Politics,Wiley-Blackwell,0954-1985; 1468-0343,A,2025,2.2,2.1,2025.0,0.801,Q2,53.0,2.78,2025
"Sustainability Accounting, Management and Policy Journal","Sustainability Accounting, Management and Policy Journal",Emarald Group Publishing Ltd,2040-8021; 2040-803X,A,2025,8.8,9.0,2025.0,1.808,Q1,68.0,12.14,2025
Corporate Governance: an international review,Corporate Governance: An International Review,Emerald Group Publishing Limited,0964-8410; 1467-8683,A,2025,5.4,7.3,2025.0,1.992,Q1,120.0,8.85,2025
Technovation,Technovation,Elsevier,0166-4972; 1879-2383,A,2025,12.0,13.6,2025.0,3.491,Q1,180.0,16.18,2025
Managerial and Decision Economics,Managerial and Decision Economics,Royal College of Psychiatrists,0143-6570; 1099-1468,B,2025,2.7,2.6,2025.0,0.671,Q2,71.0,3.28,2025
Accounting Forum,Accounting Forum,Taylor \& Francis,0155-9982; 1467-6303,A,2025,4.1,4.3,2025.0,1.087,Q1,70.0,5.81,2025
"Journal of International Accounting, Auditing and Taxation","Journal of International Accounting, Auditing and Taxation",Elsevier,1061-9518; 1879-1603,B,2025,3.7,3.8,2025.0,0.892,Q2,58.0,4.27,2025
Accounting Research Journal,Accounting Research Journal,Emerald Publishing,1030-9616; 1839-5465,B,2025,3.3,3.0,2025.0,0.62,Q2,37.0,5.11,2025
Managerial Finance,Managerial Finance,Emerald Publishing,0307-4358; 1758-7743,B,2025,1.9,2.2,2025.0,0.555,Q2,56.0,3.42,2025
Journal of Contemporary Accounting and Economics,Journal of Contemporary Accounting and Economics,Elsevier,1815-5669; 2352-3298,A,2025,3.3,4.1,2025.0,0.801,Q2,46.0,4.18,2025
"International Journal of Accounting, Auditing and Performance Evaluation","International Journal of Accounting, Auditing and Performance Evaluation",Inderscience Enterprises,1740-8008; 1740-8016,C,2025,,,,0.226,Q3,22.0,2.25,2025
Family Business Review,Family Business Review,Australian Water Association,0894-4865; 1741-6248,A,2025,7.7,10.5,2025.0,2.853,Q1,140.0,8.09,2025
Journal of Asia Pacific Business,Journal of Asia-Pacific Business,Routledge,1059-9231; 1528-6940,C,2025,,,,0.276,Q3,25.0,1.23,2025
South East Asia Research,South East Asia Research,Taylor \& Francis,0967-828X; 2043-6874,,,0.7,1.0,2025.0,0.323,Q2,31.0,1.02,2025
Modern Asian Studies,Modern Asian Studies,Cambridge University Press,0026-749X; 1469-8099,,,0.8,1.2,2025.0,0.443,Q1,57.0,0.89,2025
Corporate Ownership & Control,Corporate Ownership & Control,Virtus Interpress,1727-9232,,,,,,,,,,
Asia Pacific Business Review,Asia Pacific Business Review,Routledge,1360-2381; 1743-792X,B,2025,2.4,2.7,2025.0,0.558,Q2,49.0,3.17,2025
Corporate Ownership and Control,Corporate Ownership and Control,Virtus Interpress,1727-9232,,,,,,,,,,
"Accounting, Accountability and Performance","Accounting, Accountability and Performance",,1323-711X,,,,,,,,,,
Accounting Education,Accounting Education,Routledge,0963-9284; 1468-4489,A,2025,2.5,3.8,2025.0,0.879,Q1,58.0,5.76,2025
Accounting Auditing and Accountability Journal,"Accounting, Auditing and Accountability Journal",Emerald Publishing,0951-3574; 1368-0668; 1758-4205; 2051-3151,A*,2025,2.7,5.1,2025.0,1.574,Q1,136.0,4.12,2025
Journal of International Business Education,Journal of International Business Education,NeilsonJournals Publishing,1649-4946,C,2025,,,,0.109,Q4,4.0,0.07,2025
Asian Review of Accounting,Asian Review of Accounting,Emerald Group Publishing Limited,1321-7348,,,3.3,2.7,2025.0,0.556,Q2,38.0,4.6,2025
Journal of Financial Markets,Journal of Financial Markets,Elsevier,1386-4181; 1878-576X,A*,2025,2.5,2.5,2025.0,1.544,Q1,77.0,2.7,2025
Journal of Accounting and Public Policy,Journal of Accounting and Public Policy,Elsevier,0278-4254; 1873-2070,A*,2025,2.2,4.1,2025.0,0.97,Q1,104.0,2.74,2025
European Financial Management,European Financial Management,Wiley-Blackwell,1354-7798; 1468-036X,A,2025,4.2,4.1,2025.0,1.188,Q1,82.0,5.58,2025
Annals of Financial Economics,Annals of Financial Economics,World Scientific Publishing,2010-4952; 2010-4960,,,1.5,1.6,2025.0,0.379,Q3,23.0,2.78,2025
Quantitative Finance,Quantitative Finance,Taylor \& Francis,1469-7688; 1469-7696,A,2025,1.9,1.9,2025.0,0.762,Q1,93.0,2.17,2025
Financial Management,Financial Management,John Wiley \& Sons,0046-3892; 1755-053X,A*,2025,7.5,5.3,2025.0,3.477,Q1,88.0,9.5,2025
Mathematics and Computers in Simulation,Mathematics and Computers in Simulation,Elsevier,0378-4754; 1872-7166,,,4.0,3.9,2025.0,1.0,Q1,103.0,4.64,2025
Journal of Financial Economics,Journal of Financial Economics,Elsevier,0304-405X; 1879-2774,A*,2025,8.8,15.8,2025.0,18.748,Q1,355.0,8.99,2025
Extreme Events in Finance,Extreme Events in Finance,Wiley-Liss,,,,,,,,,,,
La Revue du Financier,La Revue du Financier,Cybel,,,,,,,,,,,
Pacific Accounting Review,Pacific Accounting Review,Emerald Group Publishing Limited,0114-0582,B,2025,2.1,2.3,2025.0,0.521,Q2,40.0,2.84,2025
International Journal of Forecasting,International Journal of Forecasting,Elsevier,0169-2070; 1872-8200,A,2025,5.7,9.0,2025.0,2.272,Q1,135.0,6.46,2025
Multinational Finance Journal,Multinational Finance Journal,Multinational Finance Society,1096-1879,B,2025,,,,0.105,Q4,4.0,0.0,2025
Economic Papers: a journal of applied economics and policy,Economic Papers,John Wiley \& Sons,0812-0439; 1759-3441,B,2025,1.0,1.0,2025.0,0.304,Q2,28.0,1.2,2025
The Journal of Finance,Journal of Finance,Wiley-Blackwell,0022-1082; 1540-6261,A*,2025,12.2,12.3,2025.0,22.27,Q1,386.0,12.3,2025
Studies in Economics and Finance,Studies in Economics and Finance,Emerald Publishing,1086-7376; 1755-6791,B,2025,2.7,2.5,2025.0,0.484,Q2,36.0,3.49,2025
Journal of Forecasting,Journal of Forecasting,Royal College of Psychiatrists,0277-6693; 1099-131X,A,2025,2.6,3.2,2025.0,0.665,Q2,74.0,3.43,2025
Commodities,Commodities,MDPI AG,2813-2432,,,,,,,,,,
Review of Behavioral Finance,Review of Behavioral Finance,Emerald Group Publishing Limited,1940-5979; 1940-5987,B,2025,1.7,2.3,2025.0,0.454,Q2,31.0,3.14,2025
Journal of Investing,Journal of Investing,Portfolio Management Research,1068-0896; 2168-8613,B,2025,0.4,0.5,2025.0,0.231,Q3,11.0,0.49,2025
Applied Economics,Applied Economics,Taylor \& Francis,0003-6846; 1466-4283,A,2025,2.6,2.5,2025.0,0.625,Q2,126.0,3.31,2025
Financial Markets and Portfolio Management,Financial Markets and Portfolio Management,Springer,1555-4961; 1555-497X; 1934-4554; 2373-8529,B,2025,1.0,1.9,2025.0,0.343,Q3,31.0,2.29,2025
The Economic Record,Economic Record,Wiley-Blackwell,0013-0249; 1475-4932,A,2025,0.8,1.3,2025.0,0.469,Q2,53.0,1.27,2025
International Research Journal of Finance and Economics,International Research Journal of Finance and Economics,"EuroJournals, Inc.",1450-2887,,,,,,,,,,
Uniform Law Review,Uniform Law Review,Oxford University Press,1124-3694; 2050-9065,,,0.7,0.5,2025.0,0.262,Q2,17.0,0.81,2025
Academy of Taiwan Business Management Review,Academy of Taiwan Business Management Review,,1813-0534,,,,,,,,,,
Journal of Applied Accounting Research,Journal of Applied Accounting Research,Emerald Publishing,0967-5426; 1758-8855,B,2025,5.1,5.7,2025.0,1.225,Q1,50.0,8.05,2025
China Journal of Accounting Research,China Journal of Accounting Research,Sun Yat-sen (Zhongshan) University,1755-3091; 2214-1421,A,2025,5.4,5.6,2025.0,1.107,Q1,36.0,5.95,2025
Journal of Accounting Education,Journal of Accounting Education,Elsevier,0748-5751; 1873-1996,B,2025,,,,0.577,Q2,51.0,3.4,2025
Journal of Business & Industrial Marketing,Journal of Business & Industrial Marketing,Emerald Publishing,0885-8624; 2052-1189,A,2025,4.1,4.3,2025.0,1.247,Q1,94.0,6.25,2025
Industrial Marketing Management,Industrial Marketing Management,Elsevier,0019-8501; 1873-2062,A*,2025,7.3,9.0,2025.0,2.851,Q1,199.0,8.77,2025
South African Journal of Accounting Research,South African Journal of Accounting Research,Taylor \& Francis,1010-8270; 1029-1954; 2376-3981,C,2025,1.7,1.7,2025.0,0.376,Q2,13.0,2.44,2025
Issues in Accounting Education,Issues in Accounting Education,American Accounting Association,0739-3172; 1558-7983,A,2025,2.1,2.3,2025.0,0.502,Q2,36.0,2.26,2025
The Information Society,Information Society,Taylor \& Francis,0197-2243; 1087-6537,A,2025,3.7,4.3,2025.0,0.978,Q1,95.0,5.68,2025
Australian Business Law Review,Australian Business Law Review,Lawbook Co.,0310-1053,A,2025,0.2,0.3,2025.0,,,,,
Abacus,Abacus,Wiley-Blackwell,0001-3072; 1467-6281,A,2025,1.7,2.8,2025.0,0.762,Q2,60.0,3.2,2025
Australian Journal of Corporate Law,Australian Journal of Corporate Law,,1037-4124,A,2025,,,,,,,,
Business and Professional Ethics Journal,Business & Professional Ethics Journal,Pergamon,0277-2027,C,2025,0.4,0.4,2025.0,0.169,Q2,7.0,0.59,2025
Journal of Financial Crime,Journal of Financial Crime,Emerald Group Publishing Limited,1359-0790,B,2025,,,,0.607,Q1,44.0,3.37,2025
Journal of Emerging Technologies in Accounting,Journal of Emerging Technologies in Accounting,American Accounting Association,1554-1908; 1558-7940,B,2025,3.2,3.4,2025.0,0.838,Q2,34.0,3.56,2025
The Australian Economic Review,Australian Economic Review,Wiley-Blackwell,0004-9018; 1467-8462,B,2025,0.9,1.0,2025.0,0.292,Q3,37.0,0.79,2025
Review of Economics of the Household,Review of Economics of the Household,Kluwer Academic Publishers,1569-5239; 1573-7152,A,2025,1.5,2.9,2025.0,0.978,Q1,52.0,1.94,2025
"Work, Aging and Retirement",WORK AGING AND RETIREMENT,Oxford University Press,2054-4642; 2054-4650,B,2025,3.7,3.6,2025.0,1.396,Q1,45.0,4.11,2025
International Journal of Bank Marketing,International Journal of Bank Marketing,Emerald Publishing,0265-2323; 1758-5937,A,2025,6.0,7.0,2025.0,1.718,Q1,123.0,9.73,2025
Personality and Individual Differences,Personality and Individual Differences,Elsevier,0191-8869; 1873-3549,A,2025,2.8,3.6,2025.0,1.189,Q1,228.0,3.46,2025
Intelligence,Intelligence,Elsevier,0160-2896; 1873-7935,,,3.1,3.3,2025.0,1.277,Q1,119.0,3.44,2025
European Journal of Personality,European Journal of Personality,SAGE Publications Ltd,0890-2070; 1099-0984,A,2025,4.8,5.6,2025.0,2.57,Q1,115.0,5.06,2025
JASSA: The Finsia Journal of Applied Finance,JASSA: JOURNAL OF THE AUSTRALIAN SOCIETY OF SECURITY ANALYSTS,Financial Services Institute of Australasia,0313-5934,B,2025,,,,,,,,
Australian Journal of Psychology,Australian Journal of Psychology,Routledge,0004-9530; 1742-9536,,,1.6,4.7,2025.0,0.519,Q2,59.0,1.88,2025
Leisure Sciences: an interdisciplinary journal,Leisure Sciences,Taylor \& Francis,0149-0400; 1521-0588,A,2025,1.9,3.0,2025.0,0.724,Q1,89.0,3.22,2025
Memory and Cognition,Memory and Cognition,Springer,0090-502X; 1532-5946,,,1.8,2.5,2025.0,1.078,Q1,152.0,2.38,2025
Journal of Family and Economic Issues,Journal of Family and Economic Issues,Springer International Publishing AG,1058-0476; 1573-3475,B,2025,2.5,3.7,2025.0,0.883,Q2,69.0,3.89,2025
Journal of Pension Economics and Finance,Journal of Pension Economics and Finance,Cambridge University Press,1474-7472; 1475-3022,B,2025,1.3,1.8,2025.0,0.716,Q2,40.0,2.14,2025
FS Super: The Journal of Superannuation Management,FS Super: The Journal of Superannuation Management,,,,,,,,,,,,
CSA Journal,CSA Journal,,,,,,,,,,,,
INTERNATIONAL JOURNAL OF AGING & HUMAN DEVELOPMENT,INTERNATIONAL JOURNAL OF AGING & HUMAN DEVELOPMENT,Baywood Publishing Co. Inc.,0091-4150; 1541-3535,,,2.3,2.7,2025.0,0.886,Q2,76.0,3.03,2025
Journal of Economic Psychology,Journal of Economic Psychology,Elsevier,0167-4870; 1872-7719,A,2025,2.2,3.1,2025.0,1.316,Q1,131.0,2.46,2025
Accounting Accountability and Performance,"Accounting, accountability & performance",,1445-954X,C,2025,,,,,,,,
Australian Journal of Labour Economics: a journal of labour economics and labour relations,Australian Journal of Labour Economics: a journal of labour economics and labour relations,,1328-1143,B,2025,,,,,,,,
ECONOMIC PAPERS OF THE ECONOMIC SOCIETY OF AUSTRALIA,ECONOMIC PAPERS OF THE ECONOMIC SOCIETY OF AUSTRALIA,John Wiley \& Sons,0812-0439,,,1.0,1.0,2025.0,0.304,Q2,28.0,1.2,2025
Higher Education Research and Development,Higher Education Research and Development,Taylor \& Francis,0729-4360; 1469-8366,,,3.7,3.9,2025.0,1.336,Q1,107.0,5.22,2025
Threshold Concepts on the Edge,Threshold Concepts on the Edge,Brill,,,,,,,,,,,
Assessment and Evaluation in Higher Education,Assessment and Evaluation in Higher Education,Taylor \& Francis,0260-2938; 0307-1367; 1469-297X,,,6.9,6.8,2025.0,2.796,Q1,121.0,8.9,2025
Education and Training,Education and Training,Emerald Publishing,0040-0912; 1758-6127,,,2.6,3.9,2025.0,0.728,Q1,95.0,4.27,2025
Australasian Journal of Educational Technology,Australasian Journal of Educational Technology,Australasian Society for Computers in Learning in Tertiary Education (ASCILITE),1449-5554,,,6.3,5.3,2025.0,1.788,Q1,82.0,8.63,2025
Journal of Higher Education Policy and Management,Journal of Higher Education Policy and Management,Routledge,1360-080X; 1469-9508,B,2025,3.0,3.3,2025.0,1.091,Q1,64.0,4.38,2025
Education Research and Perspectives,Education Research and Perspectives,The University of Western Australia Graduate School of Education,0311-2543,,,,,,0.257,Q3,3.0,0.88,2025
Journal of International Financial Management and Accounting,Journal of International Financial Management and Accounting,Wiley-Blackwell,0954-1314; 1467-646X,A,2025,5.5,7.1,2025.0,1.639,Q1,55.0,6.94,2025
"FRRaG (Financial Reporting, Regulation and Governance)","FRRaG (Financial Reporting, Regulation and Governance)",,1449-2318,,,,,,,,,,
International Business & Economics Research Journal,International Business & Economics Research Journal,,1535-0754,,,,,,,,,,
CPA Australian,CPA Australian,,,,,,,,,,,,
The International Journal of Accounting,The International Journal of Accounting,Elsevier,0020-7063,,,,,,,,,,
Journal of Law and Education,Journal of Law and Education,,0275-6072,,,,,,,,,,
The Sydney Law Review,The Sydney Law Review,University of Sydney Law School,0082-0512,A*,2025,0.6,0.8,2025.0,0.144,Q3,9.0,0.58,2025
Journal of Business Finance & Accounting,Journal of Business Finance and Accounting,Wiley-Blackwell,0306-686X; 1468-5957,A*,2025,2.6,3.5,2025.0,1.202,Q1,102.0,3.81,2025
Agenda,Agenda,,,,,,,,,,,,
JASSA,JASSA,Financial Services Institute of Australasia,,,,,,,,,,,
Journal of Financial Services Research,Journal of Financial Services Research,Springer,0920-8550; 1573-0735,A,2025,4.2,2.6,2025.0,1.198,Q1,66.0,4.3,2025
Journal of Accounting Research,Journal of Accounting Research,Wiley-Blackwell,1475-679X; 0021-8456,A*,2025,10.4,10.3,2025.0,9.774,Q1,186.0,12.22,2025
Journal of Financial and Quantitative Analysis,Journal of Financial and Quantitative Analysis,Cambridge University Press,0022-1090; 1756-6916,A*,2025,4.1,5.3,2025.0,4.404,Q1,164.0,4.15,2025
New Zealand Journal of Taxation Law and Policy,New Zealand Journal of Taxation Law and Policy,Thomson Reuters,1322-4417,A,2025,,,,,,,,
Review of Pacific Basin Financial Markets and Policies,Review of Pacific Basin Financial Markets and Policies,World Scientific Publishing,0219-0915; 1793-6705,B,2025,0.3,0.5,2025.0,0.149,Q4,23.0,0.45,2025
Applied Financial Economics,Applied Financial Economics,Taylor \& Francis,0960-3107,B,2025,,,,,,,,
Advances in Accounting,Advances in Accounting,Emerald Publishing,0882-6110; 2590-1699,A,2025,1.1,1.7,2025.0,0.431,Q2,49.0,1.63,2025
BMC Psychology,BMC Psychology,BioMed Central,2050-7283,,,4.6,4.6,2025.0,1.127,Q1,61.0,5.01,2025
Southern Economic Journal,Southern Economic Journal,Wiley-Blackwell,0038-4038; 2325-8012,A,2025,1.1,1.5,2025.0,0.686,Q2,74.0,1.44,2025
"Accounting, Organizations and Society","Accounting, Organizations and Society",Elsevier,0361-3682; 1873-6289,A*,2025,4.5,5.7,2025.0,3.098,Q1,170.0,5.0,2025
"Journal of Experimental Psychology: learning, memory, and cognition",JOURNAL OF EXPERIMENTAL PSYCHOLOGY-LEARNING MEMORY AND COGNITION,American Psychological Association,0278-7393; 1939-1285,A,2025,2.3,2.8,2025.0,1.219,Q1,187.0,2.13,2025
Review of Business and Economic Literature,Review of Business and Economic Literature,,2034-7677,,,,,,,,,,
Journal of Accounting & Organizational Change,Journal of Accounting and Organizational Change,Emerald Publishing,1832-5912; 1839-5473,B,2025,3.5,3.6,2025.0,0.805,Q1,43.0,5.59,2025
Journal of Management Control,Journal of Management Control,Physica-Verlag,2191-4761; 2191-477X,A,2025,3.4,5.0,2025.0,0.922,Q1,37.0,4.4,2025
Journal of Business Research,Journal of Business Research,Elsevier,0148-2963; 1873-7978,A,2025,11.1,14.0,2025.0,3.498,Q1,322.0,15.01,2025
Asia-Pacific Management Accounting Journal,Asia-Pacific Management Accounting Journal,Asia-Pacific Management Accounting Association,1675-3194,C,2025,0.4,0.5,2025.0,,,,,
Advances in Management Accounting,Advances in Management Accounting,Emerald Publishing,1474-7871,A,2025,,,,,-,20.0,1.22,2025
Advances in Accounting Behavioral Research,Advances in Accounting Behavioral Research,Emerald Publishing,1475-1488,A,2025,,,,,-,15.0,0.44,2025
Management Accounting Frontiers,Journal of Applied Management Accounting Research,,1443-9905,C,2025,,,,,,,,
Behavioral Research in Accounting,Behavioural Research in Accounting,American Accounting Association,1050-4753,A,2025,1.8,2.2,2025.0,0.679,Q2,36.0,1.83,2025
Advances in International Marketing,Advances in Accounting Behavioural Research,Emerald Publishing,1474-7979,C,2025,,,,,-,20.0,0.0,2025
Investment Analysts Journal,Investment Analysts Journal,Taylor \& Francis,1029-3523; 2077-0227,B,2025,2.2,1.5,2025.0,0.428,Q3,24.0,2.67,2025
Energy Journal,Energy Journal,SAGE Publications Ltd,0195-6574; 1944-9089,A,2025,2.8,2.7,2025.0,0.856,Q2,99.0,3.11,2025
Journal of International Finance and Economics,Journal of International Finance and Economics,,1555-6336,C,2025,,,,,,,,
Investment Management and Financial Innovations,Investment Management and Financial Innovations,LLC CPC Business Perspectives,1810-4967,,,,,,0.269,Q2,33.0,1.95,2025
International Economics and Finance Journal,International Economics and Finance Journal,,,,,,,,,,,,
Journal of Agricultural and Applied Economics,Journal of Agricultural and Applied Economics,Cambridge University Press,1074-0708,C,2025,1.7,2.1,2025.0,0.437,Q2,25.0,1.75,2025
Management Science,Management Science,INFORMS Inst.for Operations Res.and the Management Sciences,0025-1909; 1526-5501,A*,2025,5.7,7.6,2025.0,6.428,Q1,321.0,7.69,2025
"Doing Public Good?: Private Actors, Evaluation, and Public Value","Doing Public Good?: Private Actors, Evaluation, and Public Value",Routledge,,,,,,,,,,,
Business Analytics: Progress on Applications in Asia Pacific,Business Analytics: Progress on Applications in Asia Pacific,World Scientific,,,,,,,,,,,
MUSIC.OLOGY.ECA,MUSIC.OLOGY.ECA,,2752-7069,,,,,,,,,,
International Journal of Risk Assessment and Management,International Journal of Risk Assessment and Management,Inderscience Publishers,17415241 14668297; 1466-8297; 1741-5241,C,2025,,,,0.115,Q4,29.0,0.5,2025
Advances in Econometrics,Advances in Econometrics,,07319053; 0731-9053,,,,,,,-,31.0,0.8,2025
Atmospheric Environment,Atmospheric Environment,Elsevier BV,13522310; 1352-2310; 1873-2844,,,3.8,4.1,2025.0,1.252,Q1,299.0,4.38,2025
Journal of Multinational Financial Management,Journal of Multinational Financial Management,Elsevier BV,1042444X; 1042-444X; 1873-1309,B,2025,5.1,5.0,2025.0,1.199,Q1,65.0,6.3,2025
Japan and the World Economy,Japan and the World Economy,Elsevier BV,09221425; 0922-1425; 1879-2006,B,2025,1.7,1.7,2025.0,0.637,Q1,45.0,1.85,2025
Knowledge Management Research and Practice,Knowledge Management Research & Practice,Taylor & Francis,1477-8238; 1477-8246,A,2025,3.6,3.9,2025.0,0.849,Q1,62.0,6.02,2025
International Journal of Emerging Markets,International Journal of Emerging Markets,Emerald Publishing Limited,1746-8809; 1746-8817,B,2025,3.4,3.8,2025.0,0.891,Q1,56.0,5.8,2025
Defence and Peace Economics,Defence and Peace Economics,Taylor & Francis,1024-2694; 1476-8267,B,2025,1.7,2.1,2025.0,0.601,Q1,53.0,2.52,2025
PLOS ONE,PLOS ONE,Public Library of Science,1932-6203,,,2.8,3.3,2025.0,0.726,Q1,500.0,2.95,2025
Mental Health & Prevention,Mental Health & Prevention,Elsevier BV,2212-6570,,,3.3,,2025.0,1.119,Q1,30.0,3.45,2025
Financial Innovation,Financial Innovation,Springer Nature,2199-4730,B,2025,6.4,6.8,2025.0,1.254,Q1,66.0,8.47,2025
Journal of Knowledge Management,Journal of Knowledge Management,Emerald Publishing Limited,1367-3270; 1758-7484,A,2025,9.5,9.5,2025.0,2.382,Q1,161.0,14.78,2025
SAGE Open,SAGE Open,SAGE Publishing,2158-2440,,,2.4,2.8,2025.0,0.541,Q1,90.0,3.12,2025
Technological Forecasting and Social Change,Technological Forecasting and Social Change,Elsevier BV,0040-1625; 1873-5509,A,2025,13.5,14.6,2025.0,3.479,Q1,241.0,16.79,2025
Journal of the Knowledge Economy,Journal of the Knowledge Economy,Springer Science+Business Media,1868-7873; 1868-7865,C,2025,,,,0.95,Q2,67.0,6.21,2025
HO CHI MINH CITY OPEN UNIVERSITY JOURNAL OF SCIENCE - ECONOMICS AND BUSINESS ADMINISTRATION,HO CHI MINH CITY OPEN UNIVERSITY JOURNAL OF SCIENCE - ECONOMICS AND BUSINESS ADMINISTRATION,,2734-9586; 2734-9314,,,,,,,,,,
Journal of Strategy and Management,Journal of Strategy and Management,Emerald Publishing Limited,1755-425X; 1755-4268,B,2025,3.2,4.0,2025.0,0.974,Q1,47.0,4.66,2025
Cogent Economics and Finance,Cogent Economics & Finance,Cogent OA,2332-2039,B,2025,2.6,2.6,2025.0,0.608,Q2,53.0,3.76,2025
"Energy Sources, Part B: Economics, Planning, and Policy","Energy Sources, Part B: Economics, Planning, and Policy",Taylor & Francis,1556-7249; 1556-7257,C,2025,2.4,2.7,2025.0,0.54,Q2,60.0,2.92,2025
Journal of Economic Policy Reform,Journal of Economic Policy Reform,Taylor & Francis,1748-7870; 1748-7889,B,2025,3.3,2.9,2025.0,0.855,Q1,37.0,3.81,2025
Economic Change and Restructuring,Economic Change and Restructuring,Springer Science+Business Media,1573-9414; 1574-0277,B,2025,3.8,4.1,2025.0,0.952,Q2,45.0,5.85,2025
Cogent Business & Management,Cogent Business & Management,Cogent OA,2331-1975,C,2025,3.5,3.6,2025.0,0.647,Q2,68.0,5.27,2025
Ecosystem Health and Sustainability,Ecosystem Health and Sustainability,Taylor & Francis,2096-4129; 2332-8878,,,3.6,4.7,2025.0,0.953,Q1,48.0,3.55,2025
Structural Change and Economic Dynamics,Structural Change and Economic Dynamics,Elsevier BV,0954-349X; 1873-6017,B,2025,6.1,5.7,2025.0,1.421,Q1,87.0,7.03,2025
Journal of Asia Business Studies,Journal of Asia Business Studies,Emerald Publishing Limited,1558-7894; 1559-2243,C,2025,3.3,3.5,2025.0,0.723,Q1,43.0,4.9,2025
Borsa Istanbul Review,Borsa Istanbul Review,Elsevier BV,2214-8450; 2214-8469,B,2025,5.7,6.5,2025.0,1.375,Q1,61.0,7.27,2025
Knowledge and Process Management,Knowledge and Process Management,Wiley,1092-4604; 1099-1441,B,2025,1.9,2.6,2025.0,0.391,Q3,57.0,2.69,2025
Competitiveness Review,Competitiveness Review: An International Business Journal,Emerald Publishing Limited,1059-5422; 2051-3143,C,2025,3.9,4.1,2025.0,0.86,Q1,49.0,6.25,2025
Singapore Economic Review,The Singapore Economic Review,World Scientific,0217-5908; 1793-6837,B,2025,1.2,1.2,2025.0,0.285,Q3,34.0,1.49,2025
Economies,Economies,Multidisciplinary Digital Publishing Institute,2227-7099,C,2025,2.3,2.4,2025.0,0.537,Q2,52.0,3.33,2025
Energies,Energies,Multidisciplinary Digital Publishing Institute,1996-1073,,,3.9,3.5,2025.0,0.748,Q1,201.0,4.61,2025
Journal of Risk and Financial Management,Journal of Risk and Financial Management,Multidisciplinary Digital Publishing Institute,1911-8066; 1911-8074,,,,,,0.506,Q2,69.0,3.55,2025
Agriculture,Agriculture,Multidisciplinary Digital Publishing Institute,2077-0472,,,4.5,4.6,2025.0,0.767,Q1,108.0,5.09,2025
Entropy,Entropy,Multidisciplinary Digital Publishing Institute,1099-4300,,,2.1,2.3,2025.0,0.475,Q2,123.0,2.51,2025
International Journal of Environmental Research and Public Health,International Journal of Environmental Research and Public Health,Multidisciplinary Digital Publishing Institute,1660-4601; 1661-7827,,,,,,0.927,Q1,256.0,4.17,2025
Journal of Reviews on Global Economics,Journal of Reviews on Global Economics,,1929-7092,,,,,,,,,,
Economic Systems,Economic Systems,Elsevier BV,0939-3625; 1878-5433,B,2025,3.1,3.2,2025.0,0.767,Q2,64.0,3.66,2025
Data in Brief,Data in Brief,Elsevier BV,2352-3409,,,1.9,1.5,2025.0,0.606,Q1,69.0,2.36,2025
"The Journal of Asian Finance, Economics and Business","The Journal of Asian Finance, Economics and Business",Korean Distribution Science Association,2288-4637; 2288-4645,,,,,,,,,,
PsycTESTS Dataset,PsycTESTS Dataset,American Psychological Association (APA),,,,,,,,,,,
Financial Services Review,Financial Services Review,Elsevier BV,1057-0810; 1873-5673,B,2025,,,,,,,,
Global Business Review,Global Business Review,SAGE Publishing,09730664 09721509; 0972-1509; 0973-0664,B,2025,2.0,2.4,2025.0,0.672,Q2,58.0,3.84,2025
Handbook of Public Policy Evaluation,Handbook of Public Policy Evaluation,Edward Elgar Publishing,,,,,,,,,,,
Research Insights,Research Insights,Australia and New Zealand School of Government,2653-7281,,,,,,,,,,
